# 1D spherical import for Sirocco — pure escape velocity
# M_bh=1e6 Msun, L=L_Edd=1.439e+44, Mdot=2.5 Msun/yr
# r_in=8.0000e+14 (= 1.6e15 * Mdot/5), tau_es(r_in)=18.91
# T_eff=23701.8, T_color=49425.7, W=0.052882
# r_out=2.8607e+18, n_cells=100
# i   r(cm)   v_r(cm/s)   mass_rho(g/cm^3)   t_e(K)
0  7.27272727e+14  6.04194600e+08  3.65296073e-14  49425.7
1  8.00000000e+14  5.76076948e+08  3.65296073e-14  10000.0
2  8.68207936e+14  5.52985336e+08  3.19852807e-14  10000.0
3  9.42231274e+14  5.30819334e+08  2.82910796e-14  10000.0
4  1.02256584e+15  5.09541840e+08  2.50235473e-14  10000.0
5  1.10974972e+15  4.89117238e+08  2.21334049e-14  10000.0
6  1.20436689e+15  4.69511341e+08  1.95770650e-14  10000.0
7  1.30705111e+15  4.50691331e+08  1.73159744e-14  10000.0
8  1.41849019e+15  4.32625708e+08  1.53160329e-14  10000.0
9  1.53943055e+15  4.15284231e+08  1.35470784e-14  10000.0
10  1.67068227e+15  3.98637875e+08  1.19824327e-14  10000.0
11  1.81312451e+15  3.82658775e+08  1.05984987e-14  10000.0
12  1.96771136e+15  3.67320185e+08  9.37440485e-15  10000.0
13  2.13547827e+15  3.52596431e+08  8.29169004e-15  10000.0
14  2.31754897e+15  3.38462868e+08  7.33402545e-15  10000.0
15  2.51514301e+15  3.24895838e+08  6.48696817e-15  10000.0
16  2.72958390e+15  3.11872633e+08  5.73774338e-15  10000.0
17  2.96230801e+15  2.99371452e+08  5.07505174e-15  10000.0
18  3.21487415e+15  2.87371373e+08  4.48889894e-15  10000.0
19  3.48897406e+15  2.75852307e+08  3.97044498e-15  10000.0
20  3.78644371e+15  2.64794974e+08  3.51187085e-15  10000.0
21  4.10927559e+15  2.54180867e+08  3.10626061e-15  10000.0
22  4.45963210e+15  2.43992218e+08  2.74749711e-15  10000.0
23  4.83985997e+15  2.34211973e+08  2.43016968e-15  10000.0
24  5.25250605e+15  2.24823762e+08  2.14949259e-15  10000.0
25  5.70033429e+15  2.15811870e+08  1.90123283e-15  10000.0
26  6.18634433e+15  2.07161213e+08  1.68164631e-15  10000.0
27  6.71379155e+15  1.98857312e+08  1.48742136e-15  10000.0
28  7.28620888e+15  1.90886266e+08  1.31562879e-15  10000.0
29  7.90743046e+15  1.83234733e+08  1.16367772e-15  10000.0
30  8.58161735e+15  1.75889906e+08  1.02927654e-15  10000.0
31  9.31328535e+15  1.68839492e+08  9.10398280e-16  10000.0
32  1.01073353e+16  1.62071687e+08  8.05250091e-16  10000.0
33  1.09690859e+16  1.55575165e+08  7.12246193e-16  10000.0
34  1.19043093e+16  1.49339052e+08  6.29983957e-16  10000.0
35  1.29192697e+16  1.43352908e+08  5.57222756e-16  10000.0
36  1.40207656e+16  1.37606714e+08  4.92865249e-16  10000.0
37  1.52161750e+16  1.32090853e+08  4.35940835e-16  10000.0
38  1.65135049e+16  1.26796090e+08  3.85591015e-16  10000.0
39  1.79214449e+16  1.21713564e+08  3.41056444e-16  10000.0
40  1.94494259e+16  1.16834767e+08  3.01665478e-16  10000.0
41  2.11076824e+16  1.12151533e+08  2.66824047e-16  10000.0
42  2.29073217e+16  1.07656023e+08  2.36006694e-16  10000.0
43  2.48603981e+16  1.03340712e+08  2.08748650e-16  10000.0
44  2.69799936e+16  9.91983776e+07  1.84638825e-16  10000.0
45  2.92803057e+16  9.52220851e+07  1.63313611e-16  10000.0
46  3.17767422e+16  9.14051793e+07  1.44451394e-16  10000.0
47  3.44860247e+16  8.77412714e+07  1.27767704e-16  10000.0
48  3.74263004e+16  8.42242284e+07  1.13010929e-16  10000.0
49  4.06172638e+16  8.08481634e+07  9.99585156e-17  10000.0
50  4.40802884e+16  7.76074255e+07  8.84136158e-17  10000.0
51  4.78385703e+16  7.44965902e+07  7.82021163e-17  10000.0
52  5.19172829e+16  7.15104503e+07  6.91700134e-17  10000.0
53  5.63437463e+16  6.86440076e+07  6.11810905e-17  10000.0
54  6.11476096e+16  6.58924641e+07  5.41148635e-17  10000.0
55  6.63610498e+16  6.32512142e+07  4.78647639e-17  10000.0
56  7.20189876e+16  6.07158367e+07  4.23365315e-17  10000.0
57  7.81593207e+16  5.82820880e+07  3.74467929e-17  10000.0
58  8.48231781e+16  5.59458943e+07  3.31218040e-17  10000.0
59  9.20551954e+16  5.37033451e+07  2.92963380e-17  10000.0
60  9.99038140e+16  5.15506869e+07  2.59127014e-17  10000.0
61  1.08421605e+17  4.94843163e+07  2.29198644e-17  10000.0
62  1.17665622e+17  4.75007747e+07  2.02726909e-17  10000.0
63  1.27697784e+17  4.55967418e+07  1.79312577e-17  10000.0
64  1.38585287e+17  4.37690306e+07  1.58602528e-17  10000.0
65  1.50401057e+17  4.20145819e+07  1.40284426e-17  10000.0
66  1.63224239e+17  4.03304589e+07  1.24082008e-17  10000.0
67  1.77140725e+17  3.87138428e+07  1.09750920e-17  10000.0
68  1.92243729e+17  3.71620275e+07  9.70750274e-18  10000.0
69  2.08634413e+17  3.56724155e+07  8.58631615e-18  10000.0
70  2.26422567e+17  3.42425135e+07  7.59462316e-18  10000.0
71  2.45727337e+17  3.28699281e+07  6.71746764e-18  10000.0
72  2.66678029e+17  3.15523617e+07  5.94162088e-18  10000.0
73  2.89414977e+17  3.02876090e+07  5.25538202e-18  10000.0
74  3.14090474e+17  2.90735529e+07  4.64840163e-18  10000.0
75  3.40869803e+17  2.79081614e+07  4.11152560e-18  10000.0
76  3.69932335e+17  2.67894837e+07  3.63665709e-18  10000.0
77  4.01472736e+17  2.57156474e+07  3.21663443e-18  10000.0
78  4.35702269e+17  2.46848549e+07  2.84512309e-18  10000.0
79  4.72850210e+17  2.36953811e+07  2.51652016e-18  10000.0
80  5.13165381e+17  2.27455695e+07  2.22586986e-18  10000.0
81  5.56917820e+17  2.18338304e+07  1.96878876e-18  10000.0
82  6.04400588e+17  2.09586378e+07  1.74139974e-18  10000.0
83  6.55931734e+17  2.01185265e+07  1.54027345e-18  10000.0
84  7.11856421e+17  1.93120905e+07  1.36237662e-18  10000.0
85  7.72549242e+17  1.85379798e+07  1.20502633e-18  10000.0
86  8.38416728e+17  1.77948988e+07  1.06584951e-18  10000.0
87  9.09900071e+17  1.70816037e+07  9.42747187e-19  10000.0
88  9.87478078e+17  1.63969004e+07  8.33862799e-19  10000.0
89  1.07167038e+18  1.57396430e+07  7.37554221e-19  10000.0
90  1.16304091e+18  1.51087312e+07  6.52368987e-19  10000.0
91  1.26220168e+18  1.45031091e+07  5.77022384e-19  10000.0
92  1.36981690e+18  1.39217628e+07  5.10378081e-19  10000.0
93  1.48660738e+18  1.33637194e+07  4.51430989e-19  10000.0
94  1.61335540e+18  1.28280448e+07  3.99292104e-19  10000.0
95  1.75090995e+18  1.23138422e+07  3.53175099e-19  10000.0
96  1.90019239e+18  1.18202511e+07  3.12384466e-19  10000.0
97  2.06220265e+18  1.13464452e+07  2.76305025e-19  10000.0
98  2.23802588e+18  1.08916315e+07  2.44392648e-19  10000.0
99  2.42883978e+18  1.04550486e+07  2.16166052e-19  10000.0
100  2.63592247e+18  1.00359658e+07  1.91199541e-19  10000.0
101  2.86066101e+18  9.63368169e+06  1.69116585e-19  10000.0
