# 1D spherical import for Sirocco — Owocki+2017 super-Eddington wind
# f=m/m_max=0.94, Γ₀=1.212766, m=0.164912, w_sg=0 (tiring_solver, runs_f/)
# m_sph = 0.2/Γ₀ (Ṁ_out=Ṁ, h=0.3) → R = ṀGM/(0.2 L_Edd)
# M_bh=1.989e+39 g, Ṁ=15.0 M☉/yr
# L_o=1.784e+44 erg/s,  κ_es=0.34 cm²/g
# Heating radius R = 4.2658e+15 cm; τ_es(R) ≈ 1259
# r_in  (τ_es=100)  = 2.5087e+16 cm
# r_ph  (τ_es=1)    = 2.0505e+18 cm
# r_out (=10×r_ph)  = 2.0505e+19 cm
# n_cells=300, T_core=4466 K
# i  r(cm)  v_r(cm/s)  mass_rho(g/cm^3)  t_e(K)
0  2.28065097e+16  8.21708224e+06  1.57209628e-14  4466.0
1  2.50871607e+16  8.50714688e+06  1.57209628e-14  10000.0
2  2.56542615e+16  8.57350040e+06  1.36864143e-14  10000.0
3  2.62341817e+16  8.63919167e+06  1.29876073e-14  10000.0
4  2.68272111e+16  8.70421106e+06  1.23261532e-14  10000.0
5  2.74336461e+16  8.76854779e+06  1.16999599e-14  10000.0
6  2.80537897e+16  8.83219350e+06  1.11070533e-14  10000.0
7  2.86879518e+16  8.89513870e+06  1.05455787e-14  10000.0
8  2.93364493e+16  8.95737697e+06  1.00137860e-14  10000.0
9  2.99996061e+16  9.01890106e+06  9.51003098e-15  10000.0
10  3.06777538e+16  9.07970518e+06  9.03276286e-15  10000.0
11  3.13712312e+16  9.13978215e+06  8.58051906e-15  10000.0
12  3.20803848e+16  9.19912851e+06  8.15192498e-15  10000.0
13  3.28055689e+16  9.25774042e+06  7.74568231e-15  10000.0
14  3.35471460e+16  9.31561170e+06  7.36056943e-15  10000.0
15  3.43054866e+16  9.37274239e+06  6.99543340e-15  10000.0
16  3.50809697e+16  9.42912854e+06  6.64918836e-15  10000.0
17  3.58739827e+16  9.48476837e+06  6.32080902e-15  10000.0
18  3.66849219e+16  9.53966227e+06  6.00933010e-15  10000.0
19  3.75141927e+16  9.59380597e+06  5.71383949e-15  10000.0
20  3.83622092e+16  9.64720222e+06  5.43347810e-15  10000.0
21  3.92293954e+16  9.69985108e+06  5.16743397e-15  10000.0
22  4.01161845e+16  9.75175200e+06  4.91494139e-15  10000.0
23  4.10230197e+16  9.80290749e+06  4.67527932e-15  10000.0
24  4.19503540e+16  9.85331798e+06  4.44776352e-15  10000.0
25  4.28986510e+16  9.90298693e+06  4.23175084e-15  10000.0
26  4.38683844e+16  9.95191700e+06  4.02663328e-15  10000.0
27  4.48600389e+16  1.00001093e+07  3.83183598e-15  10000.0
28  4.58741099e+16  1.00475693e+07  3.64681554e-15  10000.0
29  4.69111042e+16  1.00942983e+07  3.47106079e-15  10000.0
30  4.79715401e+16  1.01403024e+07  3.30408599e-15  10000.0
31  4.90559473e+16  1.01855857e+07  3.14543333e-15  10000.0
32  5.01648677e+16  1.02301530e+07  2.99466979e-15  10000.0
33  5.12988556e+16  1.02740058e+07  2.85138680e-15  10000.0
34  5.24584775e+16  1.03171545e+07  2.71519651e-15  10000.0
35  5.36443129e+16  1.03596024e+07  2.58573362e-15  10000.0
36  5.48569543e+16  1.04013534e+07  2.46265128e-15  10000.0
37  5.60970078e+16  1.04424146e+07  2.34562216e-15  10000.0
38  5.73650930e+16  1.04827913e+07  2.23433622e-15  10000.0
39  5.86618436e+16  1.05224930e+07  2.12850007e-15  10000.0
40  5.99879074e+16  1.05615225e+07  2.02783687e-15  10000.0
41  6.13439472e+16  1.05998903e+07  1.93208267e-15  10000.0
42  6.27306406e+16  1.06375994e+07  1.84098898e-15  10000.0
43  6.41486805e+16  1.06746580e+07  1.75432069e-15  10000.0
44  6.55987756e+16  1.07110736e+07  1.67185399e-15  10000.0
45  6.70816503e+16  1.07468511e+07  1.59337791e-15  10000.0
46  6.85980457e+16  1.07820014e+07  1.51869191e-15  10000.0
47  7.01487196e+16  1.08165313e+07  1.44760569e-15  10000.0
48  7.17344468e+16  1.08504464e+07  1.37994041e-15  10000.0
49  7.33560198e+16  1.08837539e+07  1.31552455e-15  10000.0
50  7.50142487e+16  1.09164639e+07  1.25419698e-15  10000.0
51  7.67099623e+16  1.09485827e+07  1.19580469e-15  10000.0
52  7.84440078e+16  1.09801178e+07  1.14020196e-15  10000.0
53  8.02172518e+16  1.10110778e+07  1.08725109e-15  10000.0
54  8.20305804e+16  1.10414721e+07  1.03682168e-15  10000.0
55  8.38848997e+16  1.10713008e+07  9.88789215e-16  10000.0
56  8.57811363e+16  1.11005818e+07  9.43036034e-16  10000.0
57  8.77202377e+16  1.11293143e+07  8.99451060e-16  10000.0
58  8.97031730e+16  1.11575140e+07  8.57927764e-16  10000.0
59  9.17309329e+16  1.11851848e+07  8.18365587e-16  10000.0
60  9.38045308e+16  1.12123312e+07  7.80669474e-16  10000.0
61  9.59250028e+16  1.12389655e+07  7.44748531e-16  10000.0
62  9.80934086e+16  1.12650954e+07  7.10516593e-16  10000.0
63  1.00310832e+17  1.12907271e+07  6.77891901e-16  10000.0
64  1.02578380e+17  1.13158651e+07  6.46797126e-16  10000.0
65  1.04897187e+17  1.13405229e+07  6.17158270e-16  10000.0
66  1.07268411e+17  1.13647106e+07  5.88905053e-16  10000.0
67  1.09693237e+17  1.13884222e+07  5.61971264e-16  10000.0
68  1.12172876e+17  1.14116824e+07  5.36293421e-16  10000.0
69  1.14708569e+17  1.14344835e+07  5.11811555e-16  10000.0
70  1.17301581e+17  1.14568416e+07  4.88468186e-16  10000.0
71  1.19953209e+17  1.14787649e+07  4.66209494e-16  10000.0
72  1.22664778e+17  1.15002586e+07  4.44983545e-16  10000.0
73  1.25437642e+17  1.15213282e+07  4.24741194e-16  10000.0
74  1.28273188e+17  1.15419805e+07  4.05435789e-16  10000.0
75  1.31172831e+17  1.15622232e+07  3.87022936e-16  10000.0
76  1.34138022e+17  1.15820624e+07  3.69460388e-16  10000.0
77  1.37170241e+17  1.16015070e+07  3.52707942e-16  10000.0
78  1.40271005e+17  1.16205657e+07  3.36727332e-16  10000.0
79  1.43441862e+17  1.16392483e+07  3.21482546e-16  10000.0
80  1.46684396e+17  1.16575478e+07  3.06938614e-16  10000.0
81  1.50000229e+17  1.16754837e+07  2.93062502e-16  10000.0
82  1.53391018e+17  1.16930592e+07  2.79823450e-16  10000.0
83  1.56858455e+17  1.17102783e+07  2.67190932e-16  10000.0
84  1.60404275e+17  1.17271485e+07  2.55137226e-16  10000.0
85  1.64030249e+17  1.17436854e+07  2.43634755e-16  10000.0
86  1.67738189e+17  1.17598722e+07  2.32658100e-16  10000.0
87  1.71529947e+17  1.17757351e+07  2.22182772e-16  10000.0
88  1.75407419e+17  1.17912778e+07  2.12185284e-16  10000.0
89  1.79372543e+17  1.18065045e+07  2.02643473e-16  10000.0
90  1.83427298e+17  1.18214196e+07  1.93536220e-16  10000.0
91  1.87573713e+17  1.18360236e+07  1.84843441e-16  10000.0
92  1.91813858e+17  1.18503292e+07  1.76545916e-16  10000.0
93  1.96149852e+17  1.18643419e+07  1.68625318e-16  10000.0
94  2.00583863e+17  1.18780642e+07  1.61064234e-16  10000.0
95  2.05118105e+17  1.18914996e+07  1.53846173e-16  10000.0
96  2.09754845e+17  1.19046575e+07  1.46955250e-16  10000.0
97  2.14496399e+17  1.19175450e+07  1.40376382e-16  10000.0
98  2.19345137e+17  1.19301697e+07  1.34095196e-16  10000.0
99  2.24303482e+17  1.19425349e+07  1.28097986e-16  10000.0
100  2.29373912e+17  1.19546284e+07  1.22371891e-16  10000.0
101  2.34558959e+17  1.19664800e+07  1.16904373e-16  10000.0
102  2.39861216e+17  1.19780875e+07  1.11683464e-16  10000.0
103  2.45283332e+17  1.19894407e+07  1.06698142e-16  10000.0
104  2.50828015e+17  1.20005760e+07  1.01937405e-16  10000.0
105  2.56498038e+17  1.20114531e+07  9.73911062e-17  10000.0
106  2.62296232e+17  1.20221264e+07  9.30494210e-17  10000.0
107  2.68225496e+17  1.20325526e+07  8.89030494e-17  10000.0
108  2.74288792e+17  1.20427757e+07  8.49430117e-17  10000.0
109  2.80489151e+17  1.20527793e+07  8.11609952e-17  10000.0
110  2.86829670e+17  1.20625657e+07  7.75486877e-17  10000.0
111  2.93313517e+17  1.20721586e+07  7.40985454e-17  10000.0
112  2.99943934e+17  1.20815436e+07  7.08031693e-17  10000.0
113  3.06724232e+17  1.20907207e+07  6.76554538e-17  10000.0
114  3.13657801e+17  1.20997113e+07  6.46487238e-17  10000.0
115  3.20748104e+17  1.21085175e+07  6.17767523e-17  10000.0
116  3.27998686e+17  1.21171412e+07  5.90332861e-17  10000.0
117  3.35413168e+17  1.21255644e+07  5.64125231e-17  10000.0
118  3.42995256e+17  1.21338109e+07  5.39089256e-17  10000.0
119  3.50748739e+17  1.21418846e+07  5.15172078e-17  10000.0
120  3.58677492e+17  1.21497879e+07  4.92323247e-17  10000.0
121  3.66785475e+17  1.21575237e+07  4.70494608e-17  10000.0
122  3.75076741e+17  1.21650948e+07  4.49640242e-17  10000.0
123  3.83555434e+17  1.21725045e+07  4.29716275e-17  10000.0
124  3.92225788e+17  1.21797558e+07  4.10680644e-17  10000.0
125  4.01092138e+17  1.21868523e+07  3.92493431e-17  10000.0
126  4.10158914e+17  1.21937976e+07  3.75116645e-17  10000.0
127  4.19430647e+17  1.22005955e+07  3.58513746e-17  10000.0
128  4.28911969e+17  1.22072501e+07  3.42649953e-17  10000.0
129  4.38607618e+17  1.22137658e+07  3.27492059e-17  10000.0
130  4.48522439e+17  1.22201406e+07  3.13008364e-17  10000.0
131  4.58661388e+17  1.22263605e+07  2.99168603e-17  10000.0
132  4.69029529e+17  1.22324506e+07  2.85943879e-17  10000.0
133  4.79632045e+17  1.22384160e+07  2.73306605e-17  10000.0
134  4.90474232e+17  1.22442622e+07  2.61231206e-17  10000.0
135  5.01561510e+17  1.22499925e+07  2.49691963e-17  10000.0
136  5.12899418e+17  1.22555628e+07  2.38664701e-17  10000.0
137  5.24493622e+17  1.22610256e+07  2.28126486e-17  10000.0
138  5.36349916e+17  1.22663876e+07  2.18056087e-17  10000.0
139  5.48474223e+17  1.22716316e+07  2.08432409e-17  10000.0
140  5.60872604e+17  1.22767365e+07  1.99235022e-17  10000.0
141  5.73551252e+17  1.22817550e+07  1.90445147e-17  10000.0
142  5.86516504e+17  1.22866737e+07  1.82045243e-17  10000.0
143  5.99774838e+17  1.22914500e+07  1.74016968e-17  10000.0
144  6.13332880e+17  1.22961567e+07  1.66344161e-17  10000.0
145  6.27197405e+17  1.23007487e+07  1.59011383e-17  10000.0
146  6.41375340e+17  1.23052305e+07  1.52002616e-17  10000.0
147  6.55873770e+17  1.23096594e+07  1.45304401e-17  10000.0
148  6.70699941e+17  1.23139260e+07  1.38902262e-17  10000.0
149  6.85861260e+17  1.23181532e+07  1.32783128e-17  10000.0
150  7.01365305e+17  1.23222534e+07  1.26934818e-17  10000.0
151  7.17219822e+17  1.23262877e+07  1.21344534e-17  10000.0
152  7.33432733e+17  1.23302237e+07  1.16001869e-17  10000.0
153  7.50012141e+17  1.23340775e+07  1.10894580e-17  10000.0
154  7.66966330e+17  1.23378489e+07  1.06013587e-17  10000.0
155  7.84303773e+17  1.23415361e+07  1.01347446e-17  10000.0
156  8.02033132e+17  1.23451426e+07  9.68879809e-18  10000.0
157  8.20163267e+17  1.23486783e+07  9.26247401e-18  10000.0
158  8.38703238e+17  1.23521195e+07  8.85502049e-18  10000.0
159  8.57662308e+17  1.23555203e+07  8.46549879e-18  10000.0
160  8.77049953e+17  1.23587959e+07  8.09319363e-18  10000.0
161  8.96875860e+17  1.23620723e+07  7.73728865e-18  10000.0
162  9.17149936e+17  1.23651900e+07  7.39708026e-18  10000.0
163  9.37882312e+17  1.23683005e+07  7.07188334e-18  10000.0
164  9.59083347e+17  1.23713222e+07  6.76098610e-18  10000.0
165  9.80763637e+17  1.23742663e+07  6.46384137e-18  10000.0
166  1.00293401e+18  1.23772112e+07  6.17975614e-18  10000.0
167  1.02560556e+18  1.23799927e+07  5.90819463e-18  10000.0
168  1.04878960e+18  1.23827709e+07  5.64860666e-18  10000.0
169  1.07249772e+18  1.23855052e+07  5.40042419e-18  10000.0
170  1.09674176e+18  1.23881165e+07  5.16319969e-18  10000.0
171  1.12153385e+18  1.23907284e+07  4.93641152e-18  10000.0
172  1.14688637e+18  1.23932772e+07  4.71958478e-18  10000.0
173  1.17281199e+18  1.23957219e+07  4.51233570e-18  10000.0
174  1.19932366e+18  1.23981669e+07  4.31419463e-18  10000.0
175  1.22643464e+18  1.24005635e+07  4.12475413e-18  10000.0
176  1.25415846e+18  1.24028411e+07  3.94367453e-18  10000.0
177  1.28250899e+18  1.24051190e+07  3.77055515e-18  10000.0
178  1.31150038e+18  1.24073974e+07  3.60503536e-18  10000.0
179  1.34114714e+18  1.24095117e+07  3.44680384e-18  10000.0
180  1.37146406e+18  1.24116223e+07  3.29554087e-18  10000.0
181  1.40246631e+18  1.24137332e+07  3.15091607e-18  10000.0
182  1.43416937e+18  1.24157778e+07  3.01263813e-18  10000.0
183  1.46658908e+18  1.24177205e+07  2.88046357e-18  10000.0
184  1.49974165e+18  1.24196636e+07  2.75409188e-18  10000.0
185  1.53364364e+18  1.24216070e+07  2.63326437e-18  10000.0
186  1.56831199e+18  1.24234658e+07  2.51773788e-18  10000.0
187  1.60376403e+18  1.24252408e+07  2.40731244e-18  10000.0
188  1.64001747e+18  1.24270161e+07  2.30173014e-18  10000.0
189  1.67709042e+18  1.24287916e+07  2.20077857e-18  10000.0
190  1.71500142e+18  1.24305270e+07  2.10425464e-18  10000.0
191  1.75376940e+18  1.24321338e+07  2.01198437e-18  10000.0
192  1.79341375e+18  1.24337408e+07  1.92376694e-18  10000.0
193  1.83395426e+18  1.24353481e+07  1.83941749e-18  10000.0
194  1.87541120e+18  1.24369555e+07  1.75876642e-18  10000.0
195  1.91780528e+18  1.24384742e+07  1.68165216e-18  10000.0
196  1.96115769e+18  1.24399127e+07  1.60794036e-18  10000.0
197  2.00549009e+18  1.24413514e+07  1.53745957e-18  10000.0
198  2.05082463e+18  1.24427902e+07  1.47006815e-18  10000.0
199  2.09718397e+18  1.24442292e+07  1.40563071e-18  10000.0
200  2.14459128e+18  1.24456250e+07  1.34401775e-18  10000.0
201  2.19307024e+18  1.24468947e+07  1.28511870e-18  10000.0
202  2.24264507e+18  1.24481646e+07  1.22880488e-18  10000.0
203  2.29334055e+18  1.24494347e+07  1.17495872e-18  10000.0
204  2.34518202e+18  1.24507048e+07  1.12347210e-18  10000.0
205  2.39819538e+18  1.24519751e+07  1.07424162e-18  10000.0
206  2.45240711e+18  1.24531976e+07  1.02716842e-18  10000.0
207  2.50784431e+18  1.24542983e+07  9.82168439e-19  10000.0
208  2.56453468e+18  1.24553992e+07  9.39142680e-19  10000.0
209  2.62250655e+18  1.24565001e+07  8.98001746e-19  10000.0
210  2.68178889e+18  1.24576012e+07  8.58663069e-19  10000.0
211  2.74241132e+18  1.24587023e+07  8.21047698e-19  10000.0
212  2.80440413e+18  1.24598036e+07  7.85080140e-19  10000.0
213  2.86779830e+18  1.24608392e+07  7.50688209e-19  10000.0
214  2.93262551e+18  1.24617706e+07  7.17811566e-19  10000.0
215  2.99891815e+18  1.24627021e+07  6.86375829e-19  10000.0
216  3.06670935e+18  1.24636336e+07  6.56316784e-19  10000.0
217  3.13603299e+18  1.24645652e+07  6.27574140e-19  10000.0
218  3.20692371e+18  1.24654969e+07  6.00090248e-19  10000.0
219  3.27941692e+18  1.24664286e+07  5.73809982e-19  10000.0
220  3.35354886e+18  1.24673604e+07  5.48680629e-19  10000.0
221  3.42935657e+18  1.24682531e+07  5.24651788e-19  10000.0
222  3.50687793e+18  1.24690146e+07  5.01680268e-19  10000.0
223  3.58615167e+18  1.24697762e+07  4.79716309e-19  10000.0
224  3.66721742e+18  1.24705379e+07  4.58713949e-19  10000.0
225  3.75011568e+18  1.24712996e+07  4.38631090e-19  10000.0
226  3.83488786e+18  1.24720614e+07  4.19427473e-19  10000.0
227  3.92157635e+18  1.24728232e+07  4.01064607e-19  10000.0
228  4.01022444e+18  1.24735850e+07  3.83505681e-19  10000.0
229  4.10087645e+18  1.24743469e+07  3.66715498e-19  10000.0
230  4.19357766e+18  1.24751089e+07  3.50660404e-19  10000.0
231  4.28837440e+18  1.24758285e+07  3.35308214e-19  10000.0
232  4.38531405e+18  1.24764197e+07  3.20631438e-19  10000.0
233  4.48444503e+18  1.24770109e+07  3.06598139e-19  10000.0
234  4.58581690e+18  1.24776021e+07  2.93179044e-19  10000.0
235  4.68948030e+18  1.24781933e+07  2.80347273e-19  10000.0
236  4.79548703e+18  1.24787846e+07  2.68077119e-19  10000.0
237  4.90389007e+18  1.24793759e+07  2.56344001e-19  10000.0
238  5.01474358e+18  1.24799673e+07  2.45124415e-19  10000.0
239  5.12810296e+18  1.24805586e+07  2.34395884e-19  10000.0
240  5.24402485e+18  1.24811500e+07  2.24136916e-19  10000.0
241  5.36256719e+18  1.24817414e+07  2.14326960e-19  10000.0
242  5.48378920e+18  1.24823329e+07  2.04946362e-19  10000.0
243  5.60775146e+18  1.24829244e+07  1.95976332e-19  10000.0
244  5.73451591e+18  1.24834509e+07  1.87398900e-19  10000.0
245  5.86414590e+18  1.24838707e+07  1.79199047e-19  10000.0
246  5.99670621e+18  1.24842905e+07  1.71358275e-19  10000.0
247  6.13226307e+18  1.24847102e+07  1.63860573e-19  10000.0
248  6.27088422e+18  1.24851300e+07  1.56690929e-19  10000.0
249  6.41263894e+18  1.24855499e+07  1.49834990e-19  10000.0
250  6.55759805e+18  1.24859697e+07  1.43279029e-19  10000.0
251  6.70583399e+18  1.24863895e+07  1.37009921e-19  10000.0
252  6.85742084e+18  1.24868094e+07  1.31015115e-19  10000.0
253  7.01243435e+18  1.24872293e+07  1.25282609e-19  10000.0
254  7.17095196e+18  1.24876491e+07  1.19800926e-19  10000.0
255  7.33305291e+18  1.24880690e+07  1.14559092e-19  10000.0
256  7.49881818e+18  1.24884890e+07  1.09546612e-19  10000.0
257  7.66833061e+18  1.24889089e+07  1.04753450e-19  10000.0
258  7.84167491e+18  1.24893288e+07  1.00170011e-19  10000.0
259  8.01893769e+18  1.24897488e+07  9.57871185e-20  10000.0
260  8.20020754e+18  1.24901688e+07  9.15959973e-20  10000.0
261  8.38557503e+18  1.24905887e+07  8.75882567e-20  10000.0
262  8.57513280e+18  1.24909670e+07  8.37558729e-20  10000.0
263  8.76897556e+18  1.24912127e+07  8.00919995e-20  10000.0
264  8.96720018e+18  1.24914585e+07  7.65886796e-20  10000.0
265  9.16990571e+18  1.24917042e+07  7.32385991e-20  10000.0
266  9.37719344e+18  1.24919500e+07  7.00350551e-20  10000.0
267  9.58916696e+18  1.24921957e+07  6.69716379e-20  10000.0
268  9.80593218e+18  1.24924415e+07  6.40422183e-20  10000.0
269  1.00275974e+19  1.24926872e+07  6.12409350e-20  10000.0
270  1.02542735e+19  1.24929330e+07  5.85621832e-20  10000.0
271  1.04860736e+19  1.24931787e+07  5.60006032e-20  10000.0
272  1.07231136e+19  1.24934245e+07  5.35510698e-20  10000.0
273  1.09655119e+19  1.24936703e+07  5.12086819e-20  10000.0
274  1.12133897e+19  1.24939161e+07  4.89687529e-20  10000.0
275  1.14668709e+19  1.24941619e+07  4.68268010e-20  10000.0
276  1.17260820e+19  1.24944077e+07  4.47785407e-20  10000.0
277  1.19911526e+19  1.24946535e+07  4.28198737e-20  10000.0
278  1.22622153e+19  1.24948993e+07  4.09468812e-20  10000.0
279  1.25394054e+19  1.24951451e+07  3.91558156e-20  10000.0
280  1.28228614e+19  1.24953909e+07  3.74430933e-20  10000.0
281  1.31127250e+19  1.24956367e+07  3.58052876e-20  10000.0
282  1.34091410e+19  1.24958825e+07  3.42391215e-20  10000.0
283  1.37122576e+19  1.24961283e+07  3.27414613e-20  10000.0
284  1.40222262e+19  1.24963742e+07  3.13093106e-20  10000.0
285  1.43392017e+19  1.24966200e+07  2.99398039e-20  10000.0
286  1.46633425e+19  1.24968658e+07  2.86302010e-20  10000.0
287  1.49948105e+19  1.24971117e+07  2.73778818e-20  10000.0
288  1.53337715e+19  1.24973575e+07  2.61803405e-20  10000.0
289  1.56803948e+19  1.24976034e+07  2.50351810e-20  10000.0
290  1.60348536e+19  1.24978492e+07  2.39401122e-20  10000.0
291  1.63973250e+19  1.24980951e+07  2.28929431e-20  10000.0
292  1.67679901e+19  1.24983410e+07  2.18915783e-20  10000.0
293  1.71470342e+19  1.24985332e+07  2.09340145e-20  10000.0
294  1.75346467e+19  1.24985469e+07  2.00186075e-20  10000.0
295  1.79310212e+19  1.24985605e+07  1.91433254e-20  10000.0
296  1.83363559e+19  1.24985742e+07  1.83063135e-20  10000.0
297  1.87508532e+19  1.24985878e+07  1.75058987e-20  10000.0
298  1.91747204e+19  1.24986015e+07  1.67404807e-20  10000.0
299  1.96081692e+19  1.24986151e+07  1.60085295e-20  10000.0
300  2.00514161e+19  1.24986288e+07  1.53085817e-20  10000.0
301  2.05046828e+19  1.24986425e+07  1.46392380e-20  10000.0
