# 1D spherical import for Sirocco — Owocki+2017 super-Eddington wind
# f=m/m_max=0.94, Γ₀=1.212766, m=0.164912, w_sg=0 (tiring_solver, runs_f/)
# m_sph = 0.2/Γ₀ (Ṁ_out=Ṁ, h=0.3) → R = ṀGM/(0.2 L_Edd)
# M_bh=1.989e+39 g, Ṁ=20.0 M☉/yr
# L_o=1.784e+44 erg/s,  κ_es=0.34 cm²/g
# Heating radius R = 5.6877e+15 cm; τ_es(R) ≈ 1454
# r_in  (τ_es=100)  = 3.7756e+16 cm
# r_ph  (τ_es=1)    = 3.1558e+18 cm
# r_out (=10×r_ph)  = 3.1558e+19 cm
# n_cells=100, T_core=3640 K
# i  r(cm)  v_r(cm/s)  mass_rho(g/cm^3)  t_e(K)
0  3.43235509e+16  7.43366115e+06  1.02461545e-14  3640.4
1  3.77559060e+16  7.67174515e+06  1.02461545e-14  10000.0
2  4.03837087e+16  7.83319473e+06  8.48491560e-15  10000.0
3  4.31944060e+16  7.98897448e+06  7.26789850e-15  10000.0
4  4.62007271e+16  8.13897584e+06  6.23237002e-15  10000.0
5  4.94162876e+16  8.28313338e+06  5.35009200e-15  10000.0
6  5.28556504e+16  8.42142252e+06  4.59741029e-15  10000.0
7  5.65343920e+16  8.55385559e+06  3.95448094e-15  10000.0
8  6.04691733e+16  8.68047772e+06  3.40463231e-15  10000.0
9  6.46778144e+16  8.80136044e+06  2.93383784e-15  10000.0
10  6.91793761e+16  8.91660374e+06  2.53027570e-15  10000.0
11  7.39942455e+16  9.02632471e+06  2.18397139e-15  10000.0
12  7.91442287e+16  9.13066108e+06  1.88649290e-15  10000.0
13  8.46526496e+16  9.22976325e+06  1.63070296e-15  10000.0
14  9.05444554e+16  9.32379344e+06  1.41055206e-15  10000.0
15  9.68463296e+16  9.41292194e+06  1.22090399e-15  10000.0
16  1.03586813e+17  9.49732401e+06  1.05739301e-15  10000.0
17  1.10796432e+17  9.57718462e+06  9.16302697e-16  10000.0
18  1.18507840e+17  9.65268699e+06  7.94464785e-16  10000.0
19  1.26755959e+17  9.72400943e+06  6.89175595e-16  10000.0
20  1.35578146e+17  9.79134387e+06  5.98124716e-16  10000.0
21  1.45014355e+17  9.85486847e+06  5.19335308e-16  10000.0
22  1.55107323e+17  9.91475967e+06  4.51114411e-16  10000.0
23  1.65902758e+17  9.97120057e+06  3.92009921e-16  10000.0
24  1.77449554e+17  1.00243536e+07  3.40775765e-16  10000.0
25  1.89800004e+17  1.00743906e+07  2.96340754e-16  10000.0
26  2.03010042e+17  1.01214740e+07  2.57784196e-16  10000.0
27  2.17139496e+17  1.01657502e+07  2.24313021e-16  10000.0
28  2.32252358e+17  1.02073839e+07  1.95243903e-16  10000.0
29  2.48417071e+17  1.02465016e+07  1.69987768e-16  10000.0
30  2.65706844e+17  1.02832571e+07  1.48036134e-16  10000.0
31  2.84199982e+17  1.03177844e+07  1.28949772e-16  10000.0
32  3.03980239e+17  1.03501899e+07  1.12349227e-16  10000.0
33  3.25137196e+17  1.03806151e+07  9.79061264e-17  10000.0
34  3.47766674e+17  1.04091521e+07  8.53364031e-17  10000.0
35  3.71971158e+17  1.04359380e+07  7.43940137e-17  10000.0
36  3.97860269e+17  1.04610555e+07  6.48658091e-17  10000.0
37  4.25551256e+17  1.04846035e+07  5.65670575e-17  10000.0
38  4.55169530e+17  1.05067000e+07  4.93374029e-17  10000.0
39  4.86849229e+17  1.05273890e+07  4.30377822e-17  10000.0
40  5.20733828e+17  1.05467881e+07  3.75474395e-17  10000.0
41  5.56976788e+17  1.05649735e+07  3.27615528e-17  10000.0
42  5.95742251e+17  1.05820054e+07  2.85889851e-17  10000.0
43  6.37205780e+17  1.05979555e+07  2.49504819e-17  10000.0
44  6.81555163e+17  1.06128985e+07  2.17773050e-17  10000.0
45  7.28991252e+17  1.06269025e+07  1.90094457e-17  10000.0
46  7.79728883e+17  1.06400119e+07  1.65948393e-17  10000.0
47  8.33997842e+17  1.06522782e+07  1.44881468e-17  10000.0
48  8.92043908e+17  1.06637616e+07  1.26498803e-17  10000.0
49  9.54129968e+17  1.06745330e+07  1.10456434e-17  10000.0
50  1.02053720e+18  1.06845924e+07  9.64548299e-18  10000.0
51  1.09156637e+18  1.06940269e+07  8.42338367e-18  10000.0
52  1.16753915e+18  1.07028291e+07  7.35652862e-18  10000.0
53  1.24879962e+18  1.07110975e+07  6.42516281e-18  10000.0
54  1.33571580e+18  1.07188487e+07  5.61201070e-18  10000.0
55  1.42868132e+18  1.07260691e+07  4.90199933e-18  10000.0
56  1.52811723e+18  1.07328270e+07  4.28200827e-18  10000.0
57  1.63447385e+18  1.07391613e+07  3.74059103e-18  10000.0
58  1.74823287e+18  1.07450995e+07  3.26776079e-18  10000.0
59  1.86990950e+18  1.07506063e+07  2.85480368e-18  10000.0
60  2.00005479e+18  1.07557592e+07  2.49411593e-18  10000.0
61  2.13925816e+18  1.07606033e+07  2.17906200e-18  10000.0
62  2.28815006e+18  1.07651924e+07  1.90388284e-18  10000.0
63  2.44740480e+18  1.07693816e+07  1.66349434e-18  10000.0
64  2.61774363e+18  1.07733415e+07  1.45348368e-18  10000.0
65  2.79993802e+18  1.07770922e+07  1.27003701e-18  10000.0
66  2.99481309e+18  1.07805028e+07  1.10975586e-18  10000.0
67  3.20325142e+18  1.07838138e+07  9.69731433e-19  10000.0
68  3.42619701e+18  1.07867771e+07  8.47384722e-19  10000.0
69  3.66465957e+18  1.07896473e+07  7.40495589e-19  10000.0
70  3.91971908e+18  1.07922980e+07  6.47089454e-19  10000.0
71  4.19253066e+18  1.07947262e+07  5.65488725e-19  10000.0
72  4.48432987e+18  1.07971551e+07  4.94178258e-19  10000.0
73  4.79643825e+18  1.07992348e+07  4.31865437e-19  10000.0
74  5.13026930e+18  1.08012204e+07  3.77420941e-19  10000.0
75  5.48733491e+18  1.08032064e+07  3.29840165e-19  10000.0
76  5.86925222e+18  1.08049831e+07  2.88257811e-19  10000.0
77  6.27775088e+18  1.08065242e+07  2.51927751e-19  10000.0
78  6.71468096e+18  1.08080656e+07  2.20176750e-19  10000.0
79  7.18202128e+18  1.08096073e+07  1.92427397e-19  10000.0
80  7.68188838e+18  1.08110617e+07  1.68175355e-19  10000.0
81  8.21654613e+18  1.08121560e+07  1.46984082e-19  10000.0
82  8.78841593e+18  1.08132503e+07  1.28464680e-19  10000.0
83  9.40008775e+18  1.08143448e+07  1.12278648e-19  10000.0
84  1.00543318e+19  1.08154394e+07  9.81319907e-20  10000.0
85  1.07541111e+19  1.08165341e+07  8.57677552e-20  10000.0
86  1.15025948e+19  1.08175521e+07  7.49613636e-20  10000.0
87  1.23031729e+19  1.08181927e+07  6.55183747e-20  10000.0
88  1.31594710e+19  1.08188333e+07  5.72657284e-20  10000.0
89  1.40753673e+19  1.08194739e+07  5.00525794e-20  10000.0
90  1.50550098e+19  1.08201146e+07  4.37479933e-20  10000.0
91  1.61028352e+19  1.08207553e+07  3.82375282e-20  10000.0
92  1.72235890e+19  1.08213961e+07  3.34211573e-20  10000.0
93  1.84223470e+19  1.08220369e+07  2.92114529e-20  10000.0
94  1.97045383e+19  1.08226777e+07  2.55319997e-20  10000.0
95  2.10759698e+19  1.08233186e+07  2.23160078e-20  10000.0
96  2.25428527e+19  1.08239595e+07  1.95050999e-20  10000.0
97  2.41118303e+19  1.08240754e+07  1.70486021e-20  10000.0
98  2.57900084e+19  1.08241110e+07  1.49020061e-20  10000.0
99  2.75849873e+19  1.08241466e+07  1.30256888e-20  10000.0
100  2.95048963e+19  1.08241822e+07  1.13856193e-20  10000.0
101  3.15584306e+19  1.08242178e+07  9.95205162e-21  10000.0
