# 1D spherical import for Sirocco — Owocki+2017 super-Eddington wind
# f=m/m_max=0.6, Γ₀=1.333333, m=0.150000, w_sg=0 (tiring_solver, runs_f/)
# m_sph = 0.2/Γ₀ (Ṁ_out=Ṁ, h=0.3) → R = ṀGM/(0.2 L_Edd)
# M_bh=1.989e+39 g, Ṁ=5.0 M☉/yr
# L_o=1.961e+44 erg/s,  κ_es=0.34 cm²/g
# Heating radius R = 1.4219e+15 cm; τ_es(R) ≈ 82
# r_in  (R (τ_es=82<100 throughout))  = 1.4219e+15 cm
# r_ph  (τ_es=1)    = 6.1405e+16 cm
# r_out (=10×r_ph)  = 6.1405e+17 cm
# n_cells=100, T_core=19209 K
# i  r(cm)  v_r(cm/s)  mass_rho(g/cm^3)  t_e(K)
0  1.29265472e+15  7.88574555e+04  1.73004504e-10  19208.6
1  1.42192019e+15  7.88574555e+04  1.73004504e-10  10000.0
2  1.51087486e+15  4.60305125e+07  3.32316665e-13  10000.0
3  1.60539449e+15  5.91050489e+07  1.93546260e-13  10000.0
4  1.70582722e+15  6.77639137e+07  1.43574061e-13  10000.0
5  1.81254297e+15  7.43703809e+07  1.13819741e-13  10000.0
6  1.92593482e+15  7.97675747e+07  9.30619364e-14  10000.0
7  2.04642040e+15  8.43577535e+07  7.74516439e-14  10000.0
8  2.17444351e+15  8.83647960e+07  6.52048390e-14  10000.0
9  2.31047569e+15  9.19262455e+07  5.53384749e-14  10000.0
10  2.45501797e+15  9.51327638e+07  4.72463058e-14  10000.0
11  2.60860275e+15  9.80473845e+07  4.05240709e-14  10000.0
12  2.77179572e+15  1.00715838e+08  3.48865970e-14  10000.0
13  2.94519797e+15  1.03172493e+08  3.01241490e-14  10000.0
14  3.12944819e+15  1.05443958e+08  2.60775439e-14  10000.0
15  3.32522501e+15  1.07551363e+08  2.26229972e-14  10000.0
16  3.53324954e+15  1.09511876e+08  1.96624042e-14  10000.0
17  3.75428798e+15  1.11339721e+08  1.71168321e-14  10000.0
18  3.98915449e+15  1.13046882e+08  1.49219915e-14  10000.0
19  4.23871414e+15  1.14643612e+08  1.30249964e-14  10000.0
20  4.50388612e+15  1.16138803e+08  1.13819805e-14  10000.0
21  4.78564714e+15  1.17540257e+08  9.95630463e-15  10000.0
22  5.08503500e+15  1.18854886e+08  8.71718691e-15  10000.0
23  5.40315242e+15  1.20088871e+08  7.63863470e-15  10000.0
24  5.74117112e+15  1.21247782e+08  6.69860433e-15  10000.0
25  6.10033611e+15  1.22336671e+08  5.87832987e-15  10000.0
26  6.48197030e+15  1.23360141e+08  5.16178202e-15  10000.0
27  6.88747934e+15  1.24322418e+08  4.53522876e-15  10000.0
28  7.31835685e+15  1.25227390e+08  3.98687539e-15  10000.0
29  7.77618984e+15  1.26078640e+08  3.50656678e-15  10000.0
30  8.26266466e+15  1.26879499e+08  3.08554114e-15  10000.0
31  8.77957311e+15  1.27633054e+08  2.71622438e-15  10000.0
32  9.32881912e+15  1.28342182e+08  2.39205763e-15  10000.0
33  9.91242570e+15  1.29009566e+08  2.10735215e-15  10000.0
34  1.05325424e+16  1.29637710e+08  1.85716671e-15  10000.0
35  1.11914534e+16  1.30228956e+08  1.63720364e-15  10000.0
36  1.18915855e+16  1.30785498e+08  1.44372047e-15  10000.0
37  1.26355176e+16  1.31309397e+08  1.27345456e-15  10000.0
38  1.34259896e+16  1.31802571e+08  1.12355851e-15  10000.0
39  1.42659133e+16  1.32266845e+08  9.91544917e-16  10000.0
40  1.51583822e+16  1.32703918e+08  8.75239130e-16  10000.0
41  1.61066835e+16  1.33115382e+08  7.72738039e-16  10000.0
42  1.71143102e+16  1.33502737e+08  6.82375194e-16  10000.0
43  1.81849734e+16  1.33867404e+08  6.02690038e-16  10000.0
44  1.93226169e+16  1.34210711e+08  5.32401853e-16  10000.0
45  2.05314308e+16  1.34533912e+08  4.70386787e-16  10000.0
46  2.18158676e+16  1.34838166e+08  4.15658101e-16  10000.0
47  2.31806581e+16  1.35124601e+08  3.67348979e-16  10000.0
48  2.46308293e+16  1.35394254e+08  3.24697568e-16  10000.0
49  2.61717225e+16  1.35648099e+08  2.87033950e-16  10000.0
50  2.78090133e+16  1.35887065e+08  2.53768775e-16  10000.0
51  2.95487322e+16  1.36112024e+08  2.24383344e-16  10000.0
52  3.13972871e+16  1.36323803e+08  1.98421002e-16  10000.0
53  3.33614868e+16  1.36523147e+08  1.75479551e-16  10000.0
54  3.54485659e+16  1.36710807e+08  1.55204633e-16  10000.0
55  3.76662116e+16  1.36887472e+08  1.37283939e-16  10000.0
56  4.00225923e+16  1.37053759e+08  1.21442142e-16  10000.0
57  4.25263870e+16  1.37210282e+08  1.07436439e-16  10000.0
58  4.51868180e+16  1.37357632e+08  9.50526825e-17  10000.0
59  4.80136843e+16  1.37496320e+08  8.41018990e-17  10000.0
60  5.10173980e+16  1.37626875e+08  7.44173541e-17  10000.0
61  5.42090227e+16  1.37749778e+08  6.58518496e-17  10000.0
62  5.76003139e+16  1.37865442e+08  5.82754389e-17  10000.0
63  6.12037628e+16  1.37974334e+08  5.15733661e-17  10000.0
64  6.50326417e+16  1.38076802e+08  4.56442851e-17  10000.0
65  6.91010534e+16  1.38173271e+08  4.03986763e-17  10000.0
66  7.34239832e+16  1.38264064e+08  3.57574407e-17  10000.0
67  7.80173534e+16  1.38349544e+08  3.16506894e-17  10000.0
68  8.28980827e+16  1.38429966e+08  2.80166620e-17  10000.0
69  8.80841481e+16  1.38505678e+08  2.48007621e-17  10000.0
70  9.35946514e+16  1.38576950e+08  2.19547327e-17  10000.0
71  9.94498892e+16  1.38644031e+08  1.94359086e-17  10000.0
72  1.05671428e+17  1.38707161e+08  1.72065802e-17  10000.0
73  1.12282183e+17  1.38766566e+08  1.52333775e-17  10000.0
74  1.19306504e+17  1.38822492e+08  1.34868093e-17  10000.0
75  1.26770264e+17  1.38875150e+08  1.19407876e-17  10000.0
76  1.34700953e+17  1.38924682e+08  1.05722344e-17  10000.0
77  1.43127781e+17  1.38971303e+08  9.36073268e-18  10000.0
78  1.52081789e+17  1.39015178e+08  8.28823547e-18  10000.0
79  1.61595955e+17  1.39056504e+08  7.33875670e-18  10000.0
80  1.71705322e+17  1.39095393e+08  6.49816492e-18  10000.0
81  1.82447127e+17  1.39131970e+08  5.75395449e-18  10000.0
82  1.93860935e+17  1.39166379e+08  5.09505815e-18  10000.0
83  2.05988785e+17  1.39198781e+08  4.51168136e-18  10000.0
84  2.18875347e+17  1.39229360e+08  3.99515564e-18  10000.0
85  2.32568087e+17  1.39257983e+08  3.53781276e-18  10000.0
86  2.47117438e+17  1.39285096e+08  3.13286368e-18  10000.0
87  2.62576990e+17  1.39310433e+08  2.77429890e-18  10000.0
88  2.79003684e+17  1.39334358e+08  2.45679838e-18  10000.0
89  2.96458025e+17  1.39356921e+08  2.17565909e-18  10000.0
90  3.15004301e+17  1.39378169e+08  1.92670981e-18  10000.0
91  3.34710823e+17  1.39398142e+08  1.70626199e-18  10000.0
92  3.55650176e+17  1.39416921e+08  1.51105018e-18  10000.0
93  3.77899486e+17  1.39434574e+08  1.33818334e-18  10000.0
94  4.01540702e+17  1.39451147e+08  1.18510186e-18  10000.0
95  4.26660901e+17  1.39466736e+08  1.04953955e-18  10000.0
96  4.53352608e+17  1.39481439e+08  9.29489970e-19  10000.0
97  4.81714137e+17  1.39495365e+08  8.23178159e-19  10000.0
98  5.11849949e+17  1.39508461e+08  7.29030523e-19  10000.0
99  5.43871043e+17  1.39520602e+08  6.45653628e-19  10000.0
100  5.77895362e+17  1.39532254e+08  5.71815383e-19  10000.0
101  6.14048227e+17  1.39543069e+08  5.06424605e-19  10000.0
