# 1D spherical import for Sirocco — Owocki+2017 super-Eddington wind
# M_bh=1.989e+39 g, Γ₀=1.375, Ṁ=2.5 M☉/yr
# L_o=2.022e+44 erg/s,  κ_es=0.34 cm²/g
# Inner BVP radius R_Edd = 4.0000e+14 cm; τ_es(R_Edd) ≈ 669.6
# r_in  (τ_es=100)  = 1.3783e+15 cm
# r_ph  (τ_es=1)    = 9.3311e+16 cm
# r_out (=10×r_ph)  = 9.3311e+17 cm
# n_cells=100, T_core=19661 K
# i  r(cm)  v_r(cm/s)  mass_rho(g/cm^3)  t_e(K)
0  1.25297666e+15  2.15415915e+07  3.27816030e-13  19661.0
1  1.37827432e+15  2.27542771e+07  3.27816030e-13  10000.0
2  1.47109803e+15  2.35851368e+07  2.66888186e-13  10000.0
3  1.57017320e+15  2.44144417e+07  2.26164814e-13  10000.0
4  1.67592087e+15  2.52397514e+07  1.91906438e-13  10000.0
5  1.78879041e+15  2.60586805e+07  1.63051532e-13  10000.0
6  1.90926147e+15  2.68689285e+07  1.38717323e-13  10000.0
7  2.03784597e+15  2.76683123e+07  1.18169196e-13  10000.0
8  2.17509036e+15  2.84547871e+07  1.00795415e-13  10000.0
9  2.32157786e+15  2.92264796e+07  8.60861113e-14  10000.0
10  2.47793096e+15  2.99816825e+07  7.36159984e-14  10000.0
11  2.64481409e+15  3.07188946e+07  6.30300024e-14  10000.0
12  2.82293643e+15  3.14367993e+07  5.40313739e-14  10000.0
13  3.01305491e+15  3.21342889e+07  4.63718519e-14  10000.0
14  3.21597745e+15  3.28104410e+07  3.98435139e-14  10000.0
15  3.43256638e+15  3.34645423e+07  3.42720247e-14  10000.0
16  3.66374208e+15  3.40960360e+07  2.95110087e-14  10000.0
17  3.91048695e+15  3.47045711e+07  2.54374457e-14  10000.0
18  4.17384954e+15  3.52899218e+07  2.19477685e-14  10000.0
19  4.45494901e+15  3.58520394e+07  1.89547079e-14  10000.0
20  4.75497991e+15  3.63909769e+07  1.63846043e-14  10000.0
21  5.07521722e+15  3.69069393e+07  1.41751983e-14  10000.0
22  5.41702180e+15  3.74002032e+07  1.22738045e-14  10000.0
23  5.78184616e+15  3.78711556e+07  1.06357753e-14  10000.0
24  6.17124063e+15  3.83202569e+07  9.22320993e-15  10000.0
25  6.58685994e+15  3.87480235e+07  8.00390020e-15  10000.0
26  7.03047030e+15  3.91550244e+07  6.95043651e-15  10000.0
27  7.50395682e+15  3.95418975e+07  6.03946021e-15  10000.0
28  8.00933160e+15  3.99092699e+07  5.25103486e-15  10000.0
29  8.54874225e+15  4.02578388e+07  4.56812775e-15  10000.0
30  9.12448101e+15  4.05882689e+07  3.97616596e-15  10000.0
31  9.73899449e+15  4.09012876e+07  3.46266883e-15  10000.0
32  1.03948941e+16  4.11975950e+07  3.01692661e-15  10000.0
33  1.10949671e+16  4.14778813e+07  2.62975023e-15  10000.0
34  1.18421884e+16  4.17428660e+07  2.29323712e-15  10000.0
35  1.26397334e+16  4.19932010e+07  2.00058500e-15  10000.0
36  1.34909913e+16  4.22296103e+07  1.74593824e-15  10000.0
37  1.43995796e+16  4.24527598e+07  1.52424462e-15  10000.0
38  1.53693592e+16  4.26632535e+07  1.33114577e-15  10000.0
39  1.64044513e+16  4.28617095e+07  1.16287426e-15  10000.0
40  1.75092546e+16  4.30487929e+07  1.01617444e-15  10000.0
41  1.86884639e+16  4.32250551e+07  8.88227595e-16  10000.0
42  1.99470903e+16  4.33910859e+07  7.76592726e-16  10000.0
43  2.12904824e+16  4.35474018e+07  6.79155472e-16  10000.0
44  2.27243490e+16  4.36944959e+07  5.94079831e-16  10000.0
45  2.42547833e+16  4.38329710e+07  5.19773555e-16  10000.0
46  2.58882890e+16  4.39631654e+07  4.54853956e-16  10000.0
47  2.76318076e+16  4.40856499e+07  3.98118664e-16  10000.0
48  2.94927484e+16  4.42007737e+07  3.48522170e-16  10000.0
49  3.14790193e+16  4.43090170e+07  3.05156197e-16  10000.0
50  3.35990612e+16  4.44107094e+07  2.67227717e-16  10000.0
51  3.58618831e+16  4.45062854e+07  2.34048077e-16  10000.0
52  3.82771011e+16  4.45961004e+07  2.05016775e-16  10000.0
53  4.08549786e+16  4.46804551e+07  1.79609963e-16  10000.0
54  4.36064705e+16  4.47596194e+07  1.57370559e-16  10000.0
55  4.65432692e+16  4.48339824e+07  1.37901039e-16  10000.0
56  4.96778548e+16  4.49038396e+07  1.20852976e-16  10000.0
57  5.30235477e+16  4.49693944e+07  1.05923148e-16  10000.0
58  5.65945656e+16  4.50308832e+07  9.28465604e-17  10000.0
59  6.04060835e+16  4.50885826e+07  8.13915893e-17  10000.0
60  6.44742988e+16  4.51428172e+07  7.13557500e-17  10000.0
61  6.88164993e+16  4.51936354e+07  6.25620201e-17  10000.0
62  7.34511373e+16  4.52413321e+07  5.48563968e-17  10000.0
63  7.83979078e+16  4.52860227e+07  4.81028312e-17  10000.0
64  8.36778324e+16  4.53281074e+07  4.21836427e-17  10000.0
65  8.93133481e+16  4.53674877e+07  3.69950187e-17  10000.0
66  9.53284032e+16  4.54043260e+07  3.24463756e-17  10000.0
67  1.01748559e+17  4.54389191e+07  2.84584964e-17  10000.0
68  1.08601098e+17  4.54713886e+07  2.49620045e-17  10000.0
69  1.15915140e+17  4.55018745e+07  2.18961371e-17  10000.0
70  1.23721767e+17  4.55305391e+07  1.92076710e-17  10000.0
71  1.32054152e+17  4.55572769e+07  1.68499837e-17  10000.0
72  1.40947705e+17  4.55821889e+07  1.47822310e-17  10000.0
73  1.50440219e+17  4.56056906e+07  1.29686282e-17  10000.0
74  1.60572033e+17  4.56280520e+07  1.13780521e-17  10000.0
75  1.71386202e+17  4.56484215e+07  9.98282194e-18  10000.0
76  1.82928681e+17  4.56678357e+07  8.75886015e-18  10000.0
77  1.95248521e+17  4.56860769e+07  7.68530715e-18  10000.0
78  2.08398074e+17  4.57029433e+07  6.74339845e-18  10000.0
79  2.22433220e+17  4.57190494e+07  5.91716803e-18  10000.0
80  2.37413602e+17  4.57338795e+07  5.19219434e-18  10000.0
81  2.53402880e+17  4.57478445e+07  4.55623850e-18  10000.0
82  2.70469000e+17  4.57613132e+07  3.99817647e-18  10000.0
83  2.88684485e+17  4.57731310e+07  3.50858858e-18  10000.0
84  3.08126742e+17  4.57849519e+07  3.07899091e-18  10000.0
85  3.28878392e+17  4.57958317e+07  2.70199392e-18  10000.0
86  3.51027620e+17  4.58054983e+07  2.37126190e-18  10000.0
87  3.74668548e+17  4.58151669e+07  2.08101861e-18  10000.0
88  3.99901641e+17  4.58248010e+07  1.82630121e-18  10000.0
89  4.26834126e+17  4.58323072e+07  1.60280046e-18  10000.0
90  4.55580454e+17  4.58398146e+07  1.40668362e-18  10000.0
91  4.86262783e+17  4.58473233e+07  1.23456340e-18  10000.0
92  5.19011499e+17  4.58548332e+07  1.08350363e-18  10000.0
93  5.53965768e+17  4.58610186e+07  9.50932260e-19  10000.0
94  5.91274129e+17  4.58663523e+07  8.34616906e-19  10000.0
95  6.31095125e+17  4.58716867e+07  7.32528918e-19  10000.0
96  6.73597977e+17  4.58770216e+07  6.42928046e-19  10000.0
97  7.18963301e+17  4.58823572e+07  5.64286899e-19  10000.0
98  7.67383879e+17  4.58876934e+07  4.95264916e-19  10000.0
99  8.19065475e+17  4.58921486e+07  4.34685507e-19  10000.0
100  8.74227711e+17  4.58952756e+07  3.81532518e-19  10000.0
101  9.33105001e+17  4.58984027e+07  3.34880663e-19  10000.0
