# 1D spherical import for Sirocco — Owocki+2017 super-Eddington wind
# M_bh=1.989e+39 g, Γ₀=1.375, Ṁ=5.0 M☉/yr
# L_o=2.022e+44 erg/s,  κ_es=0.34 cm²/g
# Inner BVP radius R_Edd = 8.0000e+14 cm; τ_es(R_Edd) ≈ 946.9
# r_in  (τ_es=100)  = 3.5808e+15 cm
# r_ph  (τ_es=1)    = 2.6342e+17 cm
# r_out (=10×r_ph)  = 2.6342e+18 cm
# n_cells=100, T_core=12198 K
# i  r(cm)  v_r(cm/s)  mass_rho(g/cm^3)  t_e(K)
0  3.25527868e+15  1.75859190e+07  1.19437630e-13  12197.8
1  3.58080655e+15  1.84342373e+07  1.19437630e-13  10000.0
2  3.82514153e+15  1.90143262e+07  9.77695690e-14  10000.0
3  4.08614862e+15  1.95864958e+07  8.31199483e-14  10000.0
4  4.36496543e+15  2.01492483e+07  7.07593698e-14  10000.0
5  4.66280720e+15  2.07012104e+07  6.03159716e-14  10000.0
6  4.98097209e+15  2.12411410e+07  5.14802856e-14  10000.0
7  5.32084684e+15  2.17679439e+07  4.39945066e-14  10000.0
8  5.68391282e+15  2.22806676e+07  3.76436547e-14  10000.0
9  6.07175247e+15  2.27785085e+07  3.22482775e-14  10000.0
10  6.48605621e+15  2.32608087e+07  2.76583952e-14  10000.0
11  6.92862981e+15  2.37270552e+07  2.37485207e-14  10000.0
12  7.40140225e+15  2.41768677e+07  2.04135198e-14  10000.0
13  7.90643414e+15  2.46099916e+07  1.75651981e-14  10000.0
14  8.44592669e+15  2.50262942e+07  1.51294740e-14  10000.0
15  9.02223131e+15  2.54257420e+07  1.30440288e-14  10000.0
16  9.63785985e+15  2.58084108e+07  1.12563694e-14  10000.0
17  1.02954956e+16  2.61744410e+07  9.72221983e-15  10000.0
18  1.09980048e+16  2.65240740e+07  8.40417148e-15  10000.0
19  1.17484496e+16  2.68575911e+07  7.27057830e-15  10000.0
20  1.25501006e+16  2.71753536e+07  6.29463117e-15  10000.0
21  1.34064520e+16  2.74777383e+07  5.45358456e-15  10000.0
22  1.43212361e+16  2.77651910e+07  4.72811327e-15  10000.0
23  1.52984403e+16  2.80381736e+07  4.10177792e-15  10000.0
24  1.63423236e+16  2.82971544e+07  3.56057140e-15  10000.0
25  1.74574359e+16  2.85426460e+07  3.09254389e-15  10000.0
26  1.86486374e+16  2.87751529e+07  2.68748935e-15  10000.0
27  1.99211202e+16  2.89951981e+07  2.33667830e-15  10000.0
28  2.12804303e+16  2.92032977e+07  2.03263877e-15  10000.0
29  2.27324924e+16  2.93999676e+07  1.76895990e-15  10000.0
30  2.42836355e+16  2.95857176e+07  1.54014226e-15  10000.0
31  2.59406202e+16  2.97610499e+07  1.34146160e-15  10000.0
32  2.77106686e+16  2.99264601e+07  1.16885188e-15  10000.0
33  2.96014956e+16  3.00824503e+07  1.01881411e-15  10000.0
34  3.16213425e+16  3.02294460e+07  8.88332294e-16  10000.0
35  3.37790129e+16  3.03679248e+07  7.74804109e-16  10000.0
36  3.60839110e+16  3.04983313e+07  6.75984565e-16  10000.0
37  3.85460831e+16  3.06211144e+07  5.89931435e-16  10000.0
38  4.11762605e+16  3.07365970e+07  5.14966910e-16  10000.0
39  4.39859071e+16  3.08452533e+07  4.49637840e-16  10000.0
40  4.69872689e+16  3.09474466e+07  3.92686655e-16  10000.0
41  5.01934275e+16  3.10434790e+07  3.43022234e-16  10000.0
42  5.36183571e+16  3.11337452e+07  2.99699810e-16  10000.0
43  5.72769854e+16  3.12185812e+07  2.61898164e-16  10000.0
44  6.11852589e+16  3.12982399e+07  2.28904875e-16  10000.0
45  6.53602120e+16  3.13730984e+07  2.00101758e-16  10000.0
46  6.98200414e+16  3.14433341e+07  1.74949959e-16  10000.0
47  7.45841856e+16  3.15093028e+07  1.52981982e-16  10000.0
48  7.96734093e+16  3.15712010e+07  1.33790835e-16  10000.0
49  8.51098943e+16  3.16292604e+07  1.17022036e-16  10000.0
50  9.09173359e+16  3.16837967e+07  1.02367496e-16  10000.0
51  9.71210460e+16  3.17349637e+07  8.95579692e-17  10000.0
52  1.03748064e+17  3.17829028e+07  7.83598306e-17  10000.0
53  1.10827274e+17  3.18278982e+07  6.85686407e-17  10000.0
54  1.18389531e+17  3.18701292e+07  6.00063736e-17  10000.0
55  1.26467796e+17  3.19096056e+07  5.25179370e-17  10000.0
56  1.35097278e+17  3.19466849e+07  4.59678135e-17  10000.0
57  1.44315590e+17  3.19814937e+07  4.02375290e-17  10000.0
58  1.54162910e+17  3.20140556e+07  3.52242721e-17  10000.0
59  1.64682158e+17  3.20445690e+07  3.08375135e-17  10000.0
60  1.75919183e+17  3.20732548e+07  2.69988971e-17  10000.0
61  1.87922962e+17  3.21001711e+07  2.36394914e-17  10000.0
62  2.00745815e+17  3.21252856e+07  2.06992003e-17  10000.0
63  2.14443629e+17  3.21488348e+07  1.81255532e-17  10000.0
64  2.29076110e+17  3.21709441e+07  1.58726715e-17  10000.0
65  2.44707032e+17  3.21916053e+07  1.39004372e-17  10000.0
66  2.61404523e+17  3.22108737e+07  1.21737669e-17  10000.0
67  2.79241363e+17  3.22289480e+07  1.06619771e-17  10000.0
68  2.98295292e+17  3.22459872e+07  9.33827928e-18  10000.0
69  3.18649358e+17  3.22620998e+07  8.17926594e-18  10000.0
70  3.40392277e+17  3.22767682e+07  7.16429223e-18  10000.0
71  3.63618815e+17  3.22908220e+07  6.27543285e-18  10000.0
72  3.88430208e+17  3.23038843e+07  5.49707497e-18  10000.0
73  4.14934597e+17  3.23160791e+07  4.81530841e-18  10000.0
74  4.43247503e+17  3.23276127e+07  4.21828420e-18  10000.0
75  4.73492329e+17  3.23383099e+07  3.69528984e-18  10000.0
76  5.05800899e+17  3.23483103e+07  3.23728493e-18  10000.0
77  5.40314032e+17  3.23579869e+07  2.83604648e-18  10000.0
78  5.77182157e+17  3.23664498e+07  2.48462302e-18  10000.0
79  6.16565963e+17  3.23749150e+07  2.17677547e-18  10000.0
80  6.58637109e+17  3.23826834e+07  1.90707057e-18  10000.0
81  7.03578964e+17  3.23896058e+07  1.67085837e-18  10000.0
82  7.51587409e+17  3.23965298e+07  1.46390707e-18  10000.0
83  8.02871692e+17  3.24033393e+07  1.28258861e-18  10000.0
84  8.57655339e+17  3.24087147e+07  1.12375904e-18  10000.0
85  9.16177128e+17  3.24140910e+07  9.84618203e-19  10000.0
86  9.78692128e+17  3.24194682e+07  8.62705411e-19  10000.0
87  1.04547282e+18  3.24248462e+07  7.55887534e-19  10000.0
88  1.11681026e+18  3.24290991e+07  6.62302631e-19  10000.0
89  1.19301539e+18  3.24329187e+07  5.80326003e-19  10000.0
90  1.27442034e+18  3.24367388e+07  5.08496047e-19  10000.0
91  1.36137993e+18  3.24405593e+07  4.45556856e-19  10000.0
92  1.45427318e+18  3.24443803e+07  3.90407976e-19  10000.0
93  1.55350496e+18  3.24482017e+07  3.42085158e-19  10000.0
94  1.65950778e+18  3.24510893e+07  2.99744826e-19  10000.0
95  1.77274367e+18  3.24533286e+07  2.62656666e-19  10000.0
96  1.89370617e+18  3.24555680e+07  2.30157515e-19  10000.0
97  2.02292249e+18  3.24578076e+07  2.01679564e-19  10000.0
98  2.16095585e+18  3.24600474e+07  1.76725259e-19  10000.0
99  2.30840785e+18  3.24622873e+07  1.54858611e-19  10000.0
100  2.46592119e+18  3.24645273e+07  1.35697577e-19  10000.0
101  2.63418239e+18  3.24667676e+07  1.18907384e-19  10000.0
